90
261,197,261,197
261,197,263,136
264,93,265,79
265,79,267,50
264,93,231,103
231,103,221,151
221,151,218,193
218,193,221,206
264,93,297,106
297,106,301,155
301,155,303,197
303,197,299,207
261,197,246,196
246,196,237,262
237,262,234,325
234,325,229,348
261,197,276,198
276,198,279,264
279,264,282,325
282,325,282,346
263,136,264,93
221,206,221,223
218,193,212,214
299,207,299,225
303,197,290,208
91
261,197,261,197
261,197,263,136
264,93,265,79
265,79,267,50
264,93,231,103
231,103,221,151
221,151,218,193
218,193,221,206
264,93,297,106
297,106,301,155
301,155,303,197
303,197,299,208
261,197,246,196
246,196,237,261
237,261,234,325
234,325,229,348
261,197,276,198
276,198,279,264
279,264,282,325
282,325,282,346
263,136,264,93
221,206,221,223
218,193,212,208
299,208,299,225
303,197,290,210
92
261,197,261,197
261,197,263,136
264,93,265,79
265,79,267,50
264,93,231,103
231,103,221,151
221,151,218,193
218,193,221,206
264,93,297,106
297,106,301,155
301,155,303,197
303,197,298,208
261,197,246,196
246,196,237,261
237,261,234,325
234,325,229,348
261,197,276,198
276,198,279,264
279,264,282,325
282,325,282,346
263,136,264,93
221,206,221,223
218,193,213,215
298,208,299,226
303,197,290,208
93
261,197,261,197
261,197,263,136
264,93,265,79
265,79,267,50
264,93,231,103
231,103,221,151
221,151,218,193
218,193,221,206
264,93,297,106
297,106,301,155
301,155,303,197
303,197,298,208
261,197,246,196
246,196,237,262
237,262,234,325
234,325,229,348
261,197,276,198
276,198,279,264
279,264,282,325
282,325,282,346
263,136,264,93
221,206,222,223
218,193,213,209
298,208,298,225
303,197,290,206
94
261,197,261,197
261,197,263,136
264,93,265,79
265,79,267,50
264,93,231,103
231,103,221,151
221,151,218,193
218,193,221,206
264,93,297,106
297,106,301,155
301,155,302,197
302,197,297,206
261,197,246,196
246,196,237,262
237,262,235,325
235,325,229,348
261,197,276,198
276,198,279,264
279,264,282,325
282,325,282,346
263,136,264,93
221,206,221,223
218,193,213,208
297,206,298,224
302,197,290,207
95
261,197,261,197
261,197,263,136
264,93,265,79
265,79,267,50
264,93,231,103
231,103,221,151
221,151,218,193
218,193,222,206
264,93,297,106
297,106,301,155
301,155,302,194
302,194,296,207
261,197,246,196
246,196,237,262
237,262,235,325
235,325,229,348
261,197,276,198
276,198,279,264
279,264,282,325
282,325,282,346
263,136,264,93
222,206,222,223
218,193,214,208
296,207,296,224
302,194,289,209
96
261,197,261,197
261,197,263,136
264,93,265,79
265,79,267,50
264,93,231,103
231,103,221,151
221,151,218,193
218,193,222,206
264,93,297,106
297,106,301,155
301,155,302,194
302,194,296,209
261,197,246,196
246,196,237,262
237,262,235,325
235,325,229,348
261,197,276,198
276,198,279,264
279,264,282,325
282,325,282,345
263,136,264,93
222,206,222,223
218,193,213,208
296,209,295,226
302,194,289,209
97
261,197,261,197
261,197,263,136
264,93,265,79
265,79,267,50
264,93,231,103
231,103,221,151
221,151,218,193
218,193,222,206
264,93,297,106
297,106,301,155
301,155,302,193
302,193,296,206
261,197,246,196
246,196,237,262
237,262,234,325
234,325,229,348
261,197,276,198
276,198,279,264
279,264,282,325
282,325,282,345
263,136,264,93
222,206,222,222
218,193,214,211
296,206,295,224
302,193,289,208
98
261,197,261,197
261,197,263,136
264,93,265,79
265,79,267,50
264,93,231,103
231,103,221,151
221,151,219,193
219,193,222,206
264,93,297,106
297,106,301,155
301,155,302,193
302,193,297,205
261,197,246,196
246,196,237,262
237,262,235,325
235,325,229,348
261,197,276,198
276,198,279,263
279,263,282,325
282,325,282,346
263,136,264,93
222,206,222,222
219,193,213,205
297,205,297,223
302,193,289,207
99
261,197,261,197
261,197,263,136
264,93,265,79
265,79,267,50
264,93,231,103
231,103,221,151
221,151,219,192
219,192,222,206
264,93,297,106
297,106,303,153
303,153,305,189
305,189,302,203
261,197,246,196
246,196,237,262
237,262,235,325
235,325,229,348
261,197,276,198
276,198,278,263
278,263,282,325
282,325,282,346
263,136,264,93
222,206,223,223
219,192,213,205
302,203,302,218
305,189,293,205
100
261,197,261,197
261,197,263,136
264,93,265,79
265,79,267,50
264,93,231,103
231,103,221,151
221,151,219,192
219,192,222,206
264,93,297,106
297,106,303,153
303,153,305,189
305,189,302,203
261,197,246,196
246,196,237,262
237,262,234,334
234,334,229,348
261,197,276,198
276,198,278,263
278,263,283,335
283,335,282,346
263,136,264,93
222,206,223,223
219,192,213,205
302,203,302,218
305,189,293,205
101
261,197,261,197
261,197,263,136
264,93,265,79
265,79,267,50
264,93,231,103
231,103,221,151
221,151,219,192
219,192,222,205
264,93,297,106
297,106,309,146
309,146,311,174
311,174,310,190
261,197,246,196
246,196,237,262
237,262,235,325
235,325,229,348
261,197,276,198
276,198,278,263
278,263,282,325
282,325,282,346
263,136,264,93
222,205,222,222
219,192,214,204
310,190,311,205
311,174,302,192
102
261,197,261,197
261,197,263,136
264,93,265,79
265,79,267,50
264,93,231,103
231,103,221,151
221,151,219,192
219,192,222,205
264,93,297,106
297,106,314,144
314,144,310,159
310,159,317,166
261,197,246,196
246,196,237,262
237,262,235,324
235,324,229,347
261,197,276,198
276,198,278,262
278,262,282,325
282,325,282,346
263,136,264,93
222,205,222,223
219,192,213,205
317,166,319,173
310,159,310,164
103
261,197,261,197
261,197,263,136
264,93,265,79
265,79,267,50
264,93,231,103
231,103,221,151
221,151,219,192
219,192,221,206
264,93,297,106
297,106,316,143
316,143,308,148
308,148,323,130
261,197,246,196
246,196,237,262
237,262,234,325
234,325,229,348
261,197,276,198
276,198,278,262
278,262,282,325
282,325,282,346
263,136,264,93
221,206,222,223
219,192,213,215
323,130,327,130
308,148,320,129
104
261,197,261,197
261,197,263,137
264,93,264,79
264,79,267,50
264,93,231,103
231,103,220,151
220,151,218,192
218,192,221,206
264,93,297,106
297,106,325,134
325,134,327,111
327,111,328,95
261,197,246,196
246,196,237,262
237,262,235,325
235,325,229,348
261,197,276,198
276,198,278,262
278,262,282,325
282,325,282,346
263,137,264,93
221,206,221,223
218,192,212,203
328,95,332,85
327,111,323,88
105
261,197,261,197
261,197,263,137
264,93,264,79
264,79,267,50
264,93,231,103
231,103,220,150
220,150,218,192
218,192,220,206
264,93,296,106
296,106,330,117
330,117,330,77
330,77,331,56
261,197,246,196
246,196,237,262
237,262,234,325
234,325,229,348
261,197,276,198
276,198,278,263
278,263,282,325
282,325,282,346
263,137,264,93
220,206,219,223
218,192,211,205
331,56,337,41
330,77,323,50
106
261,197,261,197
261,197,263,137
264,93,264,79
264,79,267,50
264,93,231,103
231,103,220,150
220,150,217,191
217,191,218,206
264,93,296,106
296,106,328,96
328,96,329,48
329,48,330,27
261,197,246,196
246,196,237,262
237,262,234,326
234,326,229,348
261,197,276,198
276,198,278,263
278,263,282,325
282,325,282,346
263,137,264,93
218,206,219,223
217,191,211,205
330,27,333,8
329,48,324,21
107
261,197,261,197
261,197,263,137
264,93,264,79
264,79,267,50
264,93,231,103
231,103,220,150
220,150,217,191
217,191,218,206
264,93,296,106
296,106,328,96
328,96,329,48
329,48,330,27
261,197,246,196
246,196,237,262
237,262,234,335
234,335,229,348
261,197,276,198
276,198,278,263
278,263,283,335
283,335,282,346
263,137,264,93
218,206,219,223
217,191,211,205
330,27,333,8
329,48,324,21
108
261,197,261,197
261,197,263,137
264,93,264,80
264,80,267,50
264,93,231,103
231,103,219,150
219,150,216,190
216,190,215,206
264,93,296,105
296,105,326,84
326,84,328,31
328,31,326,15
261,197,246,196
246,196,237,262
237,262,234,326
234,326,229,348
261,197,276,198
276,198,278,262
278,262,282,325
282,325,282,346
263,137,264,93
215,206,218,223
216,190,211,208
326,15,327,2
328,31,320,24
109
261,197,261,197
261,197,263,136
264,93,264,80
264,80,267,50
264,93,231,103
231,103,219,149
219,149,215,189
215,189,214,205
264,93,295,102
295,102,325,75
325,75,327,25
327,25,324,16
261,197,246,196
246,196,237,262
237,262,234,326
234,326,229,348
261,197,276,197
276,197,278,262
278,262,282,324
282,324,282,346
263,136,264,93
214,205,217,222
215,189,211,207
324,16,321,1
327,25,320,28
110
261,196,261,196
261,196,263,136
264,93,264,80
264,80,267,50
264,93,231,103
231,103,219,148
219,148,214,188
214,188,213,204
264,93,295,100
295,100,323,68
323,68,327,18
327,18,323,17
261,196,246,196
246,196,237,261
237,261,234,326
234,326,229,348
261,196,276,197
276,197,278,262
278,262,282,324
282,324,282,346
263,136,264,93
213,204,216,221
214,188,206,203
323,17,322,2
327,18,318,21
111
261,196,261,196
261,196,263,136
264,93,264,79
264,79,267,50
264,93,231,103
231,103,218,148
218,148,214,188
214,188,213,203
264,93,295,100
295,100,319,63
319,63,324,13
324,13,322,17
261,196,246,196
246,196,237,261
237,261,234,326
234,326,229,348
261,196,276,197
276,197,278,261
278,261,282,324
282,324,282,346
263,136,264,93
213,203,215,220
214,188,206,203
322,17,320,2
324,13,316,18
112
261,196,261,196
261,196,263,136
264,93,264,79
264,79,267,50
264,93,231,103
231,103,218,148
218,148,213,187
213,187,212,203
264,93,295,97
295,97,318,58
318,58,323,8
323,8,320,17
261,196,246,195
246,195,237,261
237,261,234,325
234,325,229,347
261,196,276,196
276,196,278,261
278,261,282,324
282,324,282,346
263,136,264,93
212,203,214,219
213,187,210,205
320,17,320,1
323,8,314,17
113
261,195,261,195
261,195,263,136
264,93,264,79
264,79,267,50
264,93,231,103
231,103,218,148
218,148,212,187
212,187,212,203
264,93,295,97
295,97,315,56
315,56,322,6
322,6,318,17
261,195,246,195
246,195,237,261
237,261,234,325
234,325,229,348
261,195,276,195
276,195,278,261
278,261,282,324
282,324,282,346
263,136,264,93
212,203,213,219
212,187,204,203
318,17,319,2
322,6,312,15
114
261,195,261,195
261,195,263,136
264,93,264,79
264,79,267,50
264,93,231,103
231,103,217,148
217,148,212,186
212,186,211,202
264,93,294,95
294,95,314,53
314,53,320,4
320,4,317,17
261,195,246,195
246,195,237,261
237,261,234,325
234,325,229,348
261,195,276,195
276,195,279,259
279,259,282,324
282,324,282,346
263,136,264,93
211,202,213,219
212,186,207,204
317,17,318,2
320,4,323,18
115
261,195,261,195
261,195,263,136
264,93,264,79
264,79,267,51
264,93,231,103
231,103,217,147
217,147,212,186
212,186,211,202
264,93,294,95
294,95,313,53
313,53,319,4
319,4,316,17
261,195,246,194
246,194,237,261
237,261,234,325
234,325,229,348
261,195,276,195
276,195,279,258
279,258,282,324
282,324,282,346
263,136,264,93
211,202,212,219
212,186,203,203
316,17,318,2
319,4,310,13
116
261,194,261,194
261,194,263,135
264,93,264,79
264,79,267,51
264,93,231,103
231,103,217,147
217,147,211,186
211,186,210,202
264,93,294,95
294,95,312,53
312,53,319,3
319,3,317,17
261,194,246,194
246,194,237,261
237,261,234,325
234,325,229,347
261,194,276,194
276,194,279,258
279,258,282,324
282,324,282,346
263,135,264,93
210,202,212,219
211,186,205,204
317,17,318,1
319,3,324,25
117
261,194,261,194
261,194,263,135
264,93,264,79
264,79,267,51
264,93,231,103
231,103,217,147
217,147,211,186
211,186,210,202
264,93,294,95
294,95,313,54
313,54,321,4
321,4,320,17
261,194,246,194
246,194,237,261
237,261,234,326
234,326,229,347
261,194,276,194
276,194,279,259
279,259,282,324
282,324,282,346
263,135,264,93
210,202,212,219
211,186,204,204
320,17,320,1
321,4,327,20
118
261,194,261,194
261,194,263,135
264,93,264,79
264,79,267,51
264,93,231,103
231,103,217,147
217,147,211,186
211,186,211,201
264,93,294,95
294,95,319,60
319,60,324,10
324,10,323,19
261,194,246,194
246,194,237,261
237,261,234,326
234,326,229,347
261,194,276,194
276,194,279,260
279,260,282,324
282,324,282,346
263,135,264,93
211,201,213,218
211,186,203,202
323,19,322,2
324,10,317,15
119
261,194,261,194
261,194,263,136
264,93,264,79
264,79,266,51
264,93,231,103
231,103,216,147
216,147,211,185
211,185,211,201
264,93,293,97
293,97,323,69
323,69,328,20
328,20,326,18
261,194,246,194
246,194,237,261
237,261,234,326
234,326,229,348
261,194,276,194
276,194,279,261
279,261,282,324
282,324,282,346
263,136,264,93
211,201,213,218
211,185,204,206
326,18,324,2
328,20,320,21
120
261,195,261,195
261,195,263,136
263,93,263,80
263,80,266,51
263,93,231,103
231,103,216,147
216,147,211,185
211,185,211,201
263,93,294,98
294,98,327,81
327,81,329,33
329,33,328,15
261,195,246,195
246,195,237,261
237,261,234,328
234,328,229,348
261,195,276,195
276,195,279,262
279,262,282,324
282,324,283,346
263,136,263,93
211,201,213,217
211,185,204,201
328,15,332,1
329,33,317,10
121
261,195,261,195
261,195,262,136
263,93,263,80
263,80,266,51
263,93,230,103
230,103,216,147
216,147,211,185
211,185,212,201
263,93,294,100
294,100,330,96
330,96,332,55
332,55,331,37
261,195,246,195
246,195,237,261
237,261,234,327
234,327,229,348
261,195,276,195
276,195,279,262
279,262,282,324
282,324,282,346
262,136,263,93
212,201,214,217
211,185,207,204
331,37,330,23
332,55,320,37
122
261,195,261,195
261,195,262,136
263,94,263,80
263,80,265,51
263,94,230,103
230,103,215,147
215,147,211,185
211,185,212,201
263,94,294,101
294,101,330,114
330,114,332,83
332,83,332,69
261,195,246,195
246,195,237,262
237,262,234,327
234,327,229,348
261,195,276,195
276,195,279,262
279,262,282,324
282,324,283,346
262,136,263,94
212,201,213,216
211,185,206,203
332,69,332,60
332,83,325,63
123
261,195,261,195
261,195,262,136
263,94,263,80
263,80,265,51
263,94,230,103
230,103,214,147
214,147,211,185
211,185,213,200
263,94,294,101
294,101,327,126
327,126,331,112
331,112,332,109
261,195,246,195
246,195,237,262
237,262,234,327
234,327,229,348
261,195,276,195
276,195,279,262
279,262,282,324
282,324,282,346
262,136,263,94
213,200,215,215
211,185,207,203
332,109,335,98
331,112,326,96
124
261,195,261,195
261,195,262,136
263,94,263,80
263,80,265,50
263,94,229,103
229,103,214,147
214,147,211,186
211,186,214,199
263,94,294,102
294,102,321,133
321,133,328,121
328,121,332,131
261,195,246,195
246,195,237,262
237,262,234,327
234,327,229,348
261,195,276,195
276,195,279,262
279,262,282,324
282,324,282,346
262,136,263,94
214,199,215,214
211,186,208,200
332,131,334,133
328,121,327,127
125
261,195,261,195
261,195,262,136
262,94,263,80
263,80,265,50
262,94,229,103
229,103,214,147
214,147,212,185
212,185,214,199
262,94,294,102
294,102,319,135
319,135,325,146
325,146,326,157
261,195,246,195
246,195,237,262
237,262,234,327
234,327,229,348
261,195,276,195
276,195,279,262
279,262,282,324
282,324,282,346
262,136,262,94
214,199,217,214
212,185,207,201
326,157,327,165
325,146,325,160
126
261,195,261,195
261,195,262,136
262,93,263,80
263,80,264,50
262,93,229,103
229,103,213,146
213,146,212,185
212,185,216,198
262,93,294,102
294,102,317,136
317,136,319,165
319,165,319,176
261,195,246,195
246,195,237,262
237,262,234,327
234,327,229,348
261,195,276,195
276,195,279,262
279,262,282,325
282,325,282,346
262,136,262,93
216,198,217,212
212,185,209,197
319,176,319,188
319,165,319,180
127
261,195,261,195
261,195,262,136
263,93,263,79
263,79,264,50
263,93,229,103
229,103,214,146
214,146,213,185
213,185,217,196
263,93,294,102
294,102,314,138
314,138,315,173
315,173,312,186
261,195,246,195
246,195,237,262
237,262,234,326
234,326,229,348
261,195,276,196
276,196,278,261
278,261,282,325
282,325,282,346
262,136,263,93
217,196,218,210
213,185,210,200
312,186,311,200
315,173,303,188
128
261,195,261,195
261,195,262,136
263,93,263,79
263,79,264,49
263,93,229,103
229,103,214,144
214,144,215,184
215,184,220,195
263,93,294,102
294,102,312,142
312,142,310,175
310,175,302,191
261,195,246,195
246,195,237,262
237,262,234,326
234,326,229,348
261,195,275,196
275,196,278,261
278,261,282,325
282,325,282,346
262,136,263,93
220,195,220,210
215,184,213,202
302,191,304,205
310,175,295,196
129
260,195,260,195
260,195,262,136
263,93,263,79
263,79,264,49
263,93,229,102
229,102,215,144
215,144,218,184
218,184,223,194
263,93,294,102
294,102,311,142
311,142,307,176
307,176,297,191
260,195,245,195
245,195,237,262
237,262,234,326
234,326,229,348
260,195,275,196
275,196,278,261
278,261,282,325
282,325,282,346
262,136,263,93
223,194,226,212
218,184,216,195
297,191,295,206
307,176,303,199
130
260,195,260,195
260,195,262,136
263,92,263,78
263,78,265,49
263,92,229,102
229,102,215,142
215,142,219,184
219,184,225,194
263,92,294,102
294,102,310,141
310,141,304,175
304,175,294,186
260,195,245,195
245,195,237,262
237,262,234,325
234,325,230,348
260,195,275,196
275,196,278,261
278,261,282,325
282,325,282,346
262,136,263,92
225,194,229,212
219,184,219,196
294,186,288,200
304,175,299,198
131
260,195,260,195
260,195,262,135
263,92,264,78
264,78,265,49
263,92,229,102
229,102,215,142
215,142,219,176
219,176,226,187
263,92,294,102
294,102,309,141
309,141,304,173
304,173,293,185
260,195,245,195
245,195,237,262
237,262,234,325
234,325,231,347
260,195,275,195
275,195,278,260
278,260,282,325
282,325,282,346
262,135,263,92
226,187,229,203
219,176,218,193
293,185,288,199
304,173,298,199
132
260,195,260,195
260,195,262,135
263,92,264,78
264,78,265,48
263,92,230,102
230,102,215,142
215,142,219,175
219,175,225,187
263,92,294,102
294,102,309,141
309,141,304,173
304,173,294,186
260,195,245,195
245,195,237,262
237,262,234,325
234,325,230,348
260,195,275,195
275,195,278,260
278,260,282,325
282,325,282,346
262,135,263,92
225,187,229,203
219,175,217,193
294,186,288,199
304,173,300,198
133
260,195,260,195
260,195,262,135
263,92,264,78
264,78,265,48
263,92,230,102
230,102,215,142
215,142,218,174
218,174,226,188
263,92,294,102
294,102,310,141
310,141,305,175
305,175,294,190
260,195,245,195
245,195,237,262
237,262,234,326
234,326,230,348
260,195,275,195
275,195,278,260
278,260,282,325
282,325,282,346
262,135,263,92
226,188,231,205
218,174,218,199
294,190,289,207
305,175,301,200
134
260,195,260,195
260,195,262,135
263,92,264,78
264,78,265,48
263,92,230,102
230,102,215,141
215,141,220,182
220,182,224,192
263,92,294,103
294,103,312,141
312,141,305,176
305,176,295,188
260,195,245,195
245,195,237,262
237,262,234,326
234,326,230,348
260,195,275,195
275,195,278,260
278,260,282,325
282,325,282,346
262,135,263,92
224,192,229,209
220,182,215,198
295,188,297,204
305,176,306,191
135
260,195,260,195
260,195,262,135
263,92,264,78
264,78,265,48
263,92,230,102
230,102,214,140
214,140,222,182
222,182,225,189
263,92,295,103
295,103,313,140
313,140,304,175
304,175,295,189
260,195,245,195
245,195,237,262
237,262,234,325
234,325,230,348
260,195,275,195
275,195,278,261
278,261,282,325
282,325,282,346
262,135,263,92
225,189,224,201
222,182,215,195
295,189,298,203
304,175,295,203
136
260,195,260,195
260,195,262,135
263,92,264,78
264,78,265,48
263,92,230,102
230,102,213,140
213,140,225,173
225,173,232,185
263,92,295,103
295,103,313,140
313,140,302,172
302,172,294,184
260,195,245,195
245,195,237,262
237,262,234,326
234,326,229,348
260,195,275,195
275,195,278,261
278,261,282,325
282,325,282,346
262,135,263,92
232,185,227,199
225,173,223,175
294,184,296,197
302,172,284,190
137
260,195,260,195
260,195,262,135
263,92,264,78
264,78,265,48
263,92,230,102
230,102,212,140
212,140,231,166
231,166,235,177
263,92,295,103
295,103,314,140
314,140,298,169
298,169,289,180
260,195,245,195
245,195,237,262
237,262,234,326
234,326,229,348
260,195,275,196
275,196,278,261
278,261,282,325
282,325,282,346
262,135,263,92
235,177,234,192
231,166,232,172
289,180,289,192
298,169,277,181
138
260,195,260,195
260,195,262,136
263,92,264,78
264,78,265,49
263,92,230,102
230,102,218,143
218,143,237,163
237,163,242,169
263,92,295,103
295,103,314,139
314,139,293,168
293,168,280,177
260,195,245,195
245,195,237,262
237,262,234,326
234,326,229,348
260,195,275,196
275,196,278,261
278,261,282,326
282,326,282,346
262,136,263,92
242,169,247,177
237,163,239,163
280,177,277,188
293,168,268,183
139
260,195,260,195
260,195,262,136
263,93,263,79
263,79,265,49
263,93,230,102
230,102,216,139
216,139,237,151
237,151,255,167
263,93,295,103
295,103,311,140
311,140,293,162
293,162,278,168
260,195,246,195
246,195,237,262
237,262,234,325
234,325,229,348
260,195,275,196
275,196,278,261
278,261,282,326
282,326,282,346
262,136,263,93
255,167,255,177
237,151,245,166
278,168,268,180
293,162,280,183
140
260,195,260,195
260,195,262,136
263,93,263,79
263,79,265,49
263,93,230,102
230,102,217,135
217,135,253,156
253,156,260,162
263,93,295,103
295,103,304,140
304,140,286,166
286,166,275,167
260,195,246,195
246,195,237,262
237,262,234,325
234,325,229,348
260,195,274,196
274,196,278,261
278,261,282,325
282,325,282,346
262,136,263,93
260,162,270,172
253,156,256,175
275,167,268,177
286,166,274,174
141
260,196,260,196
260,196,262,136
263,93,263,79
263,79,265,49
263,93,230,102
230,102,217,135
217,135,260,157
260,157,265,161
263,93,295,103
295,103,304,140
304,140,283,165
283,165,275,167
260,196,246,195
246,195,237,263
237,263,234,325
234,325,229,348
260,196,274,196
274,196,278,262
278,262,282,325
282,325,282,346
262,136,263,93
265,161,276,172
260,157,256,168
275,167,269,176
283,165,271,177
142
260,196,260,196
260,196,262,136
263,93,263,79
263,79,265,49
263,93,231,102
231,102,218,135
218,135,262,157
262,157,268,162
263,93,294,103
294,103,302,141
302,141,280,166
280,166,272,167
260,196,246,195
246,195,237,262
237,262,234,325
234,325,229,348
260,196,274,196
274,196,278,262
278,262,282,325
282,325,282,346
262,136,263,93
268,162,279,172
262,157,265,175
272,167,266,173
280,166,280,179
143
260,196,260,196
260,196,262,136
263,93,263,79
263,79,265,49
263,93,231,102
231,102,220,135
220,135,259,158
259,158,271,167
263,93,294,103
294,103,301,141
301,141,278,167
278,167,272,169
260,196,246,195
246,195,237,262
237,262,234,325
234,325,229,348
260,196,274,196
274,196,278,262
278,262,282,325
282,325,282,346
262,136,263,93
271,167,282,177
259,158,266,177
272,169,266,177
278,167,281,178
144
260,196,260,196
260,196,262,136
263,93,263,79
263,79,265,49
263,93,231,102
231,102,228,139
228,139,268,168
268,168,272,173
263,93,294,103
294,103,299,142
299,142,276,169
276,169,272,171
260,196,246,195
246,195,237,262
237,262,234,325
234,325,229,347
260,196,274,196
274,196,278,262
278,262,282,325
282,325,282,346
262,136,263,93
272,173,281,182
268,168,267,181
272,171,267,179
276,169,283,177
145
260,196,260,196
260,196,262,136
263,93,263,79
263,79,265,49
263,93,231,102
231,102,227,139
227,139,257,164
257,164,267,171
263,93,294,103
294,103,299,142
299,142,268,166
268,166,266,169
260,196,246,195
246,195,237,263
237,263,234,325
234,325,229,347
260,196,274,196
274,196,278,262
278,262,282,325
282,325,282,346
262,136,263,93
267,171,279,181
257,164,264,182
266,169,265,180
268,166,276,175
146
260,196,260,196
260,196,262,136
263,93,263,79
263,79,265,49
263,93,231,102
231,102,227,139
227,139,257,164
257,164,266,175
263,93,294,103
294,103,299,143
299,143,268,166
268,166,265,170
260,196,245,195
245,195,237,262
237,262,234,325
234,325,230,347
260,196,274,196
274,196,278,263
278,263,282,325
282,325,282,346
262,136,263,93
266,175,276,186
257,164,264,187
265,170,264,181
268,166,274,177
147
260,196,260,196
260,196,262,136
263,93,263,79
263,79,265,49
263,93,231,102
231,102,227,139
227,139,258,164
258,164,267,175
263,93,294,103
294,103,299,143
299,143,264,166
264,166,267,171
260,196,245,195
245,195,237,262
237,262,234,325
234,325,230,347
260,196,274,196
274,196,278,262
278,262,282,325
282,325,282,346
262,136,263,93
267,175,274,184
258,164,264,187
267,171,268,180
264,166,276,178
148
260,196,260,196
260,196,262,136
263,93,263,79
263,79,265,49
263,93,231,102
231,102,226,139
226,139,258,164
258,164,266,171
263,93,294,103
294,103,299,143
299,143,274,172
274,172,272,176
260,196,245,195
245,195,237,262
237,262,234,325
234,325,230,347
260,196,274,196
274,196,278,262
278,262,282,325
282,325,282,346
262,136,263,93
266,171,279,182
258,164,260,180
272,176,270,185
274,172,279,185
149
260,196,260,196
260,196,262,136
263,93,263,79
263,79,265,49
263,93,231,102
231,102,226,139
226,139,258,163
258,163,266,170
263,93,294,103
294,103,300,142
300,142,275,171
275,171,273,177
260,196,245,195
245,195,237,262
237,262,234,325
234,325,230,347
260,196,274,196
274,196,278,262
278,262,282,325
282,325,282,346
262,136,263,93
266,170,280,181
258,163,256,177
273,177,269,185
275,171,277,186
150
260,196,260,196
260,196,262,136
263,93,263,79
263,79,265,49
263,93,231,102
231,102,226,140
226,140,257,161
257,161,267,168
263,93,294,103
294,103,302,142
302,142,277,169
277,169,274,175
260,196,245,195
245,195,237,262
237,262,234,325
234,325,230,347
260,196,274,196
274,196,278,262
278,262,282,325
282,325,282,346
262,136,263,93
267,168,280,179
257,161,259,176
274,175,271,182
277,169,274,184
151
260,196,260,196
260,196,262,136
263,93,263,79
263,79,265,49
263,93,231,102
231,102,226,140
226,140,257,160
257,160,267,167
263,93,294,103
294,103,306,142
306,142,281,166
281,166,277,172
260,196,245,195
245,195,237,262
237,262,234,325
234,325,229,347
260,196,274,196
274,196,278,262
278,262,282,325
282,325,282,346
262,136,263,93
267,167,278,177
257,160,260,176
277,172,272,182
281,166,273,183
152
260,196,260,196
260,196,262,136
263,93,263,79
263,79,265,49
263,93,230,102
230,102,224,140
224,140,255,158
255,158,264,166
263,93,294,103
294,103,305,143
305,143,282,169
282,169,268,178
260,196,245,195
245,195,237,262
237,262,234,325
234,325,229,347
260,196,274,196
274,196,278,262
278,262,282,325
282,325,282,346
262,136,263,93
264,166,275,175
255,158,258,176
268,178,261,181
282,169,267,187
153
260,196,260,196
260,196,262,136
263,93,263,79
263,79,265,49
263,93,230,102
230,102,220,140
220,140,246,159
246,159,261,167
263,93,295,103
295,103,314,140
314,140,293,161
293,161,276,172
260,196,245,195
245,195,237,262
237,262,234,325
234,325,229,347
260,196,274,196
274,196,278,261
278,261,282,325
282,325,282,346
262,136,263,93
261,167,268,175
246,159,252,172
276,172,265,178
293,161,280,187
154
260,196,260,196
260,196,261,136
263,93,263,79
263,79,265,49
263,93,230,102
230,102,222,142
222,142,247,160
247,160,254,168
263,93,295,103
295,103,315,140
315,140,296,162
296,162,280,173
260,196,245,195
245,195,237,262
237,262,234,325
234,325,229,347
260,196,274,196
274,196,278,261
278,261,282,325
282,325,282,346
261,136,263,93
254,168,259,176
247,160,247,170
280,173,276,185
296,162,286,189
155
260,196,260,196
260,196,261,136
263,93,263,79
263,79,265,49
263,93,230,102
230,102,221,142
221,142,245,164
245,164,247,172
263,93,295,103
295,103,316,139
316,139,300,163
300,163,286,174
260,196,245,195
245,195,237,262
237,262,234,325
234,325,229,347
260,196,274,196
274,196,278,261
278,261,282,325
282,325,282,346
261,136,263,93
247,172,247,178
245,164,241,164
286,174,284,187
300,163,292,192
156
260,196,260,196
260,196,261,136
263,93,263,79
263,79,265,49
263,93,230,102
230,102,221,142
221,142,245,164
245,164,247,172
263,93,295,103
295,103,316,139
316,139,300,163
300,163,286,174
260,196,245,195
245,195,237,262
237,262,233,334
233,334,229,347
260,196,274,196
274,196,278,261
278,261,283,334
283,334,282,346
261,136,263,93
247,172,247,178
245,164,241,164
286,174,284,187
300,163,292,192
157
260,196,260,196
260,196,261,136
263,93,263,79
263,79,265,49
263,93,230,102
230,102,211,139
211,139,237,167
237,167,242,175
263,93,295,103
295,103,316,139
316,139,304,164
304,164,291,176
260,196,245,195
245,195,237,263
237,263,234,325
234,325,229,348
260,196,274,196
274,196,278,261
278,261,282,325
282,325,282,346
261,136,263,93
242,175,241,185
237,167,231,178
291,176,291,190
304,164,280,175
158
260,196,260,196
260,196,261,136
263,93,263,79
263,79,265,49
263,93,230,102
230,102,210,139
210,139,233,170
233,170,239,180
263,93,295,103
295,103,316,139
316,139,302,171
302,171,291,180
260,196,245,195
245,195,237,263
237,263,234,325
234,325,229,348
260,196,274,196
274,196,278,260
278,260,282,325
282,325,282,346
261,136,263,93
239,180,247,195
233,170,225,185
291,180,293,190
302,171,280,169
159
260,196,260,196
260,196,262,136
263,93,263,79
263,79,265,49
263,93,230,102
230,102,209,138
209,138,228,172
228,172,236,182
263,93,295,103
295,103,316,138
316,138,302,171
302,171,293,180
260,196,245,195
245,195,237,263
237,263,234,325
234,325,229,348
260,196,275,196
275,196,278,261
278,261,282,325
282,325,282,346
262,136,263,93
236,182,240,196
228,172,222,188
293,180,294,192
302,171,281,169
160
260,196,260,196
260,196,262,136
263,93,263,79
263,79,265,49
263,93,230,102
230,102,208,137
208,137,227,172
227,172,233,181
263,93,295,103
295,103,315,137
315,137,302,171
302,171,292,179
260,196,246,195
246,195,237,262
237,262,234,326
234,326,229,348
260,196,275,196
275,196,278,260
278,260,282,325
282,325,282,346
262,136,263,93
233,181,235,194
227,172,223,193
292,179,289,192
302,171,281,168
161
260,195,260,195
260,195,262,136
263,93,263,79
263,79,265,49
263,93,230,102
230,102,208,136
208,136,227,172
227,172,234,181
263,93,295,103
295,103,315,137
315,137,303,166
303,166,293,178
260,195,246,195
246,195,237,261
237,261,234,326
234,326,229,348
260,195,275,196
275,196,278,261
278,261,282,325
282,325,282,346
262,136,263,93
234,181,243,194
227,172,224,195
293,178,286,194
303,166,284,165
162
260,195,260,195
260,195,262,136
263,93,263,79
263,79,265,48
263,93,229,102
229,102,208,136
208,136,223,166
223,166,233,177
263,93,295,103
295,103,314,137
314,137,303,166
303,166,291,177
260,195,246,195
246,195,237,261
237,261,234,326
234,326,229,348
260,195,275,196
275,196,279,262
279,262,282,325
282,325,282,346
262,136,263,93
233,177,242,194
223,166,224,186
291,177,287,193
303,166,283,165
163
261,195,261,195
261,195,262,136
263,92,263,78
263,78,265,48
263,92,229,101
229,101,209,136
209,136,223,166
223,166,234,177
263,92,295,103
295,103,313,137
313,137,302,166
302,166,291,177
261,195,246,195
246,195,237,260
237,260,234,326
234,326,230,347
261,195,275,196
275,196,279,262
279,262,282,326
282,326,282,346
262,136,263,92
234,177,242,193
223,166,226,188
291,177,286,192
302,166,283,166
164
261,195,261,195
261,195,262,135
263,92,263,78
263,78,265,48
263,92,229,101
229,101,209,136
209,136,224,165
224,165,234,177
263,92,295,103
295,103,312,138
312,138,302,166
302,166,293,176
261,195,246,195
246,195,237,261
237,261,234,326
234,326,230,347
261,195,275,195
275,195,279,262
279,262,282,325
282,325,282,346
262,135,263,92
234,177,242,193
224,165,226,188
293,176,289,192
302,166,286,165
165
261,195,261,195
261,195,262,135
263,92,263,78
263,78,265,48
263,92,229,101
229,101,210,137
210,137,223,164
223,164,233,175
263,92,295,103
295,103,311,138
311,138,302,166
302,166,293,176
261,195,246,195
246,195,237,261
237,261,234,326
234,326,230,347
261,195,276,195
276,195,279,262
279,262,282,326
282,326,282,346
262,135,263,92
233,175,240,191
223,164,225,188
293,176,289,192
302,166,286,164
166
261,195,261,195
261,195,262,135
263,92,263,78
263,78,265,48
263,92,229,101
229,101,210,137
210,137,226,165
226,165,236,177
263,92,295,103
295,103,311,138
311,138,302,166
302,166,293,176
261,195,246,195
246,195,237,261
237,261,234,326
234,326,230,347
261,195,276,195
276,195,279,262
279,262,282,325
282,325,282,346
262,135,263,92
236,177,245,193
226,165,225,187
293,176,289,192
302,166,286,164
167
261,195,261,195
261,195,262,135
263,92,263,78
263,78,265,48
263,92,229,101
229,101,210,137
210,137,225,165
225,165,235,177
263,92,295,103
295,103,311,138
311,138,302,166
302,166,293,176
261,195,246,195
246,195,237,261
237,261,234,327
234,327,230,347
261,195,276,195
276,195,279,262
279,262,282,325
282,325,282,346
262,135,263,92
235,177,244,193
225,165,226,188
293,176,289,192
302,166,286,164
168
261,195,261,195
261,195,262,135
263,92,263,78
263,78,265,48
263,92,229,101
229,101,210,137
210,137,225,165
225,165,235,177
263,92,295,103
295,103,311,138
311,138,302,165
302,165,292,176
261,195,246,195
246,195,237,261
237,261,234,327
234,327,230,347
261,195,276,195
276,195,279,262
279,262,282,325
282,325,282,346
262,135,263,92
235,177,244,193
225,165,225,188
292,176,288,191
302,165,285,164
169
261,195,261,195
261,195,262,135
263,92,263,78
263,78,265,48
263,92,229,101
229,101,210,137
210,137,225,165
225,165,234,177
263,92,295,103
295,103,311,138
311,138,302,165
302,165,292,176
261,195,246,195
246,195,237,261
237,261,234,327
234,327,229,348
261,195,276,195
276,195,279,262
279,262,282,325
282,325,282,346
262,135,263,92
234,177,243,193
225,165,227,189
292,176,288,192
302,165,285,165
170
261,195,261,195
261,195,262,135
263,92,263,78
263,78,265,48
263,92,229,101
229,101,209,137
209,137,224,165
224,165,234,177
263,92,295,103
295,103,311,138
311,138,302,165
302,165,292,176
261,195,246,195
246,195,237,261
237,261,234,327
234,327,229,348
261,195,276,195
276,195,279,262
279,262,282,325
282,325,282,346
262,135,263,92
234,177,243,193
224,165,224,188
292,176,287,192
302,165,285,165
171
261,195,261,195
261,195,262,135
263,92,263,78
263,78,265,48
263,92,229,101
229,101,209,137
209,137,220,163
220,163,231,174
263,92,295,103
295,103,312,138
312,138,302,165
302,165,292,176
261,195,246,195
246,195,238,261
238,261,234,327
234,327,229,348
261,195,276,195
276,195,279,262
279,262,282,325
282,325,283,346
262,135,263,92
231,174,237,190
220,163,224,185
292,176,287,192
302,165,285,165
172
261,195,261,195
261,195,262,135
263,92,263,78
263,78,265,48
263,92,229,101
229,101,209,136
209,136,222,164
222,164,233,174
263,92,295,103
295,103,312,138
312,138,301,167
301,167,290,177
261,195,246,195
246,195,237,262
237,262,234,326
234,326,229,348
261,195,276,195
276,195,279,261
279,261,282,325
282,325,283,346
262,135,263,92
233,174,241,190
222,164,224,185
290,177,284,193
301,167,282,165
173
261,195,261,195
261,195,262,135
263,92,263,78
263,78,265,48
263,92,229,101
229,101,207,139
207,139,222,164
222,164,233,173
263,92,295,103
295,103,312,138
312,138,301,166
301,166,291,177
261,195,246,195
246,195,237,262
237,262,234,326
234,326,229,349
261,195,276,195
276,195,279,261
279,261,282,326
282,326,283,346
262,135,263,92
233,173,242,189
222,164,224,185
291,177,285,193
301,166,282,166
174
261,195,261,195
261,195,262,135
263,92,263,78
263,78,265,49
263,92,229,101
229,101,207,138
207,138,223,166
223,166,234,175
263,92,295,103
295,103,312,138
312,138,302,166
302,166,291,177
261,195,246,195
246,195,237,261
237,261,234,326
234,326,229,348
261,195,276,195
276,195,279,262
279,262,282,325
282,325,282,346
262,135,263,92
234,175,243,192
223,166,224,189
291,177,286,193
302,166,283,165
175
261,195,261,195
261,195,262,135
263,92,263,78
263,78,265,49
263,92,229,101
229,101,207,139
207,139,223,166
223,166,234,175
263,92,295,103
295,103,312,138
312,138,302,166
302,166,291,177
261,195,246,195
246,195,237,261
237,261,234,326
234,326,229,348
261,195,276,195
276,195,279,261
279,261,282,325
282,325,282,346
262,135,263,92
234,175,244,190
223,166,224,188
291,177,286,193
302,166,283,165
176
261,195,261,195
261,195,262,136
263,93,263,79
263,79,265,49
263,93,229,101
229,101,207,139
207,139,223,166
223,166,234,175
263,93,295,103
295,103,313,138
313,138,302,166
302,166,291,177
261,195,246,195
246,195,237,262
237,262,234,326
234,326,229,348
261,195,276,195
276,195,279,261
279,261,282,325
282,325,282,346
262,136,263,93
234,175,243,191
223,166,224,189
291,177,286,192
302,166,283,165
