1
261,187,261,187
261,187,262,130
263,89,263,75
263,75,266,49
263,89,233,90
233,90,203,64
203,64,229,50
229,50,239,52
263,89,298,93
298,93,326,68
326,68,300,50
300,50,290,50
261,187,246,186
246,186,239,255
239,255,236,320
236,320,233,343
261,187,276,188
276,188,280,257
280,257,282,322
282,322,284,345
262,130,263,89
239,52,247,42
229,50,249,58
290,50,280,39
300,50,281,56
2
261,187,261,187
261,187,262,130
263,89,263,75
263,75,266,49
263,89,233,90
233,90,203,64
203,64,229,50
229,50,239,52
263,89,298,93
298,93,326,68
326,68,300,50
300,50,290,50
261,187,246,186
246,186,239,255
239,255,236,321
236,321,233,343
261,187,276,188
276,188,280,257
280,257,282,322
282,322,284,345
262,130,263,89
239,52,247,42
229,50,248,59
290,50,282,41
300,50,281,55
3
261,187,261,187
261,187,262,130
263,89,263,75
263,75,266,49
263,89,233,90
233,90,203,64
203,64,229,50
229,50,239,52
263,89,298,93
298,93,326,68
326,68,300,50
300,50,290,50
261,187,246,186
246,186,239,255
239,255,236,321
236,321,233,343
261,187,276,188
276,188,280,257
280,257,282,322
282,322,284,345
262,130,263,89
239,52,248,42
229,50,249,59
290,50,282,41
300,50,281,55
4
261,187,261,187
261,187,262,130
263,89,263,75
263,75,266,49
263,89,233,90
233,90,203,65
203,65,232,52
232,52,243,52
263,89,298,92
298,92,326,68
326,68,300,50
300,50,290,50
261,187,246,186
246,186,239,255
239,255,236,321
236,321,233,343
261,187,276,188
276,188,280,257
280,257,282,322
282,322,284,345
262,130,263,89
243,52,247,43
232,52,250,57
290,50,282,41
300,50,281,55
5
261,187,261,187
261,187,262,130
263,88,263,75
263,75,266,49
263,88,233,90
233,90,203,65
203,65,232,52
232,52,243,52
263,88,298,92
298,92,326,68
326,68,300,50
300,50,290,50
261,187,246,186
246,186,239,255
239,255,236,321
236,321,233,343
261,187,276,188
276,188,280,257
280,257,282,322
282,322,284,345
262,130,263,88
243,52,247,43
232,52,250,58
290,50,279,37
300,50,281,55
6
261,187,261,187
261,187,262,130
263,89,263,75
263,75,266,49
263,89,233,90
233,90,203,65
203,65,232,52
232,52,243,52
263,89,298,92
298,92,326,68
326,68,300,50
300,50,290,50
261,187,246,186
246,186,239,255
239,255,236,321
236,321,233,343
261,187,276,188
276,188,280,257
280,257,282,323
282,323,284,345
262,130,263,89
243,52,247,42
232,52,250,57
290,50,282,42
300,50,281,55
7
261,187,261,187
261,187,262,130
263,88,263,75
263,75,266,49
263,88,233,90
233,90,203,65
203,65,229,50
229,50,239,52
263,88,298,92
298,92,326,68
326,68,300,50
300,50,290,50
261,187,246,186
246,186,239,255
239,255,236,321
236,321,233,343
261,187,276,188
276,188,280,257
280,257,282,323
282,323,284,345
262,130,263,88
239,52,247,42
229,50,249,59
290,50,280,36
300,50,282,56
8
261,187,261,187
261,187,262,130
263,89,264,75
264,75,266,49
263,89,233,90
233,90,203,65
203,65,231,51
231,51,242,51
263,89,298,92
298,92,326,68
326,68,300,50
300,50,290,50
261,187,246,186
246,186,239,255
239,255,236,321
236,321,233,344
261,187,276,188
276,188,280,257
280,257,282,322
282,322,284,345
262,130,263,89
242,51,247,43
231,51,250,57
290,50,282,42
300,50,281,56
9
261,187,261,187
261,187,262,130
263,89,264,75
264,75,266,49
263,89,233,90
233,90,203,65
203,65,229,51
229,51,239,52
263,89,298,92
298,92,326,68
326,68,300,50
300,50,290,50
261,187,246,186
246,186,239,255
239,255,236,321
236,321,233,344
261,187,276,188
276,188,280,257
280,257,282,322
282,322,284,345
262,130,263,89
239,52,247,44
229,51,249,59
290,50,280,39
300,50,281,55
10
261,187,261,187
261,187,262,130
263,89,264,75
264,75,266,49
263,89,233,90
233,90,203,65
203,65,236,51
236,51,244,51
263,89,298,92
298,92,326,68
326,68,300,50
300,50,290,50
261,187,246,186
246,186,239,255
239,255,236,321
236,321,233,344
261,187,276,188
276,188,280,257
280,257,282,322
282,322,284,345
262,130,263,89
244,51,247,42
236,51,251,45
290,50,283,42
300,50,281,56
11
261,187,261,187
261,187,262,130
263,89,264,75
264,75,266,49
263,89,233,90
233,90,203,65
203,65,234,51
234,51,244,51
263,89,298,92
298,92,326,68
326,68,300,50
300,50,290,50
261,187,246,186
246,186,239,255
239,255,236,321
236,321,233,344
261,187,276,188
276,188,280,257
280,257,282,322
282,322,284,345
262,130,263,89
244,51,248,42
234,51,251,49
290,50,281,40
300,50,282,56
12
261,187,261,187
261,187,262,130
263,89,264,75
264,75,266,49
263,89,233,90
233,90,203,65
203,65,236,52
236,52,245,51
263,89,298,92
298,92,326,68
326,68,300,50
300,50,290,50
261,187,246,186
246,186,239,255
239,255,236,321
236,321,233,344
261,187,276,188
276,188,280,257
280,257,282,322
282,322,284,345
262,130,263,89
245,51,248,41
236,52,250,44
290,50,279,37
300,50,281,56
13
261,187,261,187
261,187,262,130
263,89,264,75
264,75,266,49
263,89,233,90
233,90,203,64
203,64,235,51
235,51,244,51
263,89,298,92
298,92,326,68
326,68,300,50
300,50,290,49
261,187,246,186
246,186,239,255
239,255,236,321
236,321,233,344
261,187,276,188
276,188,280,257
280,257,282,322
282,322,284,345
262,130,263,89
244,51,247,44
235,51,251,49
290,49,280,38
300,50,281,55
14
261,187,261,187
261,187,262,130
263,89,264,75
264,75,266,49
263,89,233,90
233,90,202,64
202,64,231,52
231,52,241,52
263,89,298,92
298,92,326,68
326,68,301,50
301,50,290,48
261,187,246,186
246,186,239,255
239,255,236,321
236,321,233,344
261,187,276,188
276,188,280,257
280,257,282,323
282,323,284,345
262,130,263,89
241,52,247,43
231,52,250,58
290,48,281,36
301,50,280,55
15
261,187,261,187
261,187,262,130
263,89,263,75
263,75,266,49
263,89,233,90
233,90,202,64
202,64,230,51
230,51,239,52
263,89,298,92
298,92,328,72
328,72,303,50
303,50,292,45
261,187,246,186
246,186,239,255
239,255,236,321
236,321,233,344
261,187,276,188
276,188,280,257
280,257,282,322
282,322,284,345
262,130,263,89
239,52,247,43
230,51,250,59
292,45,281,33
303,50,281,55
16
261,187,261,187
261,187,262,130
263,89,263,75
263,75,265,49
263,89,232,90
232,90,202,64
202,64,230,52
230,52,242,51
263,89,297,93
297,93,331,84
331,84,304,50
304,50,297,42
261,187,246,186
246,186,239,255
239,255,236,321
236,321,233,344
261,187,276,188
276,188,280,257
280,257,282,322
282,322,284,345
262,130,263,89
242,51,246,42
230,52,250,59
297,42,287,28
304,50,290,51
17
261,187,261,187
261,187,262,130
262,89,263,76
263,76,264,50
262,89,232,90
232,90,202,64
202,64,231,51
231,51,242,51
262,89,296,94
296,94,329,91
329,91,304,52
304,52,298,44
261,187,246,186
246,186,239,255
239,255,236,321
236,321,233,343
261,187,276,188
276,188,280,257
280,257,282,322
282,322,284,345
262,130,262,89
242,51,247,42
231,51,250,45
298,44,287,27
304,52,293,49
18
261,188,261,188
261,188,262,130
262,89,262,76
262,76,264,50
262,89,232,90
232,90,202,64
202,64,229,50
229,50,238,52
262,89,295,95
295,95,326,103
326,103,300,61
300,61,295,53
261,188,246,187
246,187,239,255
239,255,236,321
236,321,233,344
261,188,276,189
276,189,280,257
280,257,282,322
282,322,284,345
262,130,262,89
238,52,246,44
229,50,249,58
295,53,283,36
300,61,289,52
19
261,188,261,188
261,188,261,131
261,89,261,76
261,76,260,50
261,89,231,90
231,90,202,64
202,64,228,50
228,50,238,52
261,89,292,99
292,99,322,114
322,114,311,87
311,87,295,75
261,188,246,187
246,187,239,255
239,255,236,321
236,321,233,343
261,188,276,189
276,189,280,257
280,257,282,322
282,322,284,345
261,131,261,89
238,52,246,45
228,50,249,59
295,75,284,60
311,87,289,72
20
262,196,262,196
262,196,263,132
264,87,265,72
265,72,261,50
264,87,231,90
231,90,202,63
202,63,230,51
230,51,242,52
264,87,298,96
298,96,323,120
323,120,295,102
295,102,279,91
262,196,247,196
247,196,240,256
240,256,236,321
236,321,233,343
262,196,277,196
277,196,280,257
280,257,282,322
282,322,284,345
263,132,264,87
242,52,247,43
230,51,249,59
279,91,264,85
295,102,264,83
21
262,195,262,195
262,195,263,132
264,88,265,73
265,73,261,50
264,88,233,91
233,91,201,63
201,63,231,51
231,51,242,53
264,88,296,96
296,96,315,127
315,127,279,115
279,115,263,113
262,195,246,195
246,195,240,256
240,256,236,321
236,321,233,343
262,195,277,196
277,196,281,257
281,257,282,322
282,322,284,345
263,132,264,88
242,53,247,44
231,51,250,59
263,113,249,112
279,115,249,109
22
261,190,261,190
261,190,262,131
264,88,265,73
265,73,261,50
264,88,233,91
233,91,202,63
202,63,231,51
231,51,242,53
264,88,294,97
294,97,311,129
311,129,270,133
270,133,254,134
261,190,246,190
246,190,240,256
240,256,236,321
236,321,233,343
261,190,276,191
276,191,281,258
281,258,282,322
282,322,284,345
262,131,264,88
242,53,247,44
231,51,251,47
254,134,239,138
270,133,249,131
23
261,190,261,190
261,190,263,131
264,88,265,73
265,73,261,50
264,88,234,91
234,91,202,63
202,63,231,51
231,51,242,52
264,88,294,97
294,97,307,130
307,130,270,144
270,144,252,150
261,190,246,190
246,190,240,257
240,257,236,321
236,321,233,343
261,190,276,191
276,191,281,257
281,257,282,323
282,323,284,345
263,131,264,88
242,52,247,44
231,51,251,61
252,150,237,155
270,144,256,158
24
261,190,261,190
261,190,262,131
263,89,263,75
263,75,261,51
263,89,234,91
234,91,202,62
202,62,231,51
231,51,242,52
263,89,294,97
294,97,304,132
304,132,272,147
272,147,260,155
261,190,246,190
246,190,240,256
240,256,236,321
236,321,233,343
261,190,276,191
276,191,281,258
281,258,282,323
282,323,284,345
262,131,263,89
242,52,248,43
231,51,251,61
260,155,245,163
272,147,257,146
25
261,190,261,190
261,190,262,131
263,89,263,75
263,75,261,51
263,89,234,91
234,91,202,62
202,62,231,51
231,51,242,52
263,89,294,98
294,98,301,135
301,135,274,150
274,150,262,157
261,190,246,190
246,190,240,256
240,256,236,321
236,321,233,343
261,190,276,191
276,191,281,258
281,258,282,323
282,323,284,345
262,131,263,89
242,52,247,45
231,51,251,56
262,157,247,166
274,150,256,149
26
261,190,261,190
261,190,262,131
262,89,262,75
262,75,262,50
262,89,234,91
234,91,202,62
202,62,231,51
231,51,243,52
262,89,294,98
294,98,301,136
301,136,274,152
274,152,262,158
261,190,246,190
246,190,240,256
240,256,236,321
236,321,233,343
261,190,276,191
276,191,281,257
281,257,282,323
282,323,284,345
262,131,262,89
243,52,247,45
231,51,251,59
262,158,248,167
274,152,255,147
27
261,190,261,190
261,190,262,131
262,89,262,75
262,75,262,50
262,89,234,91
234,91,202,62
202,62,232,51
232,51,242,52
262,89,294,98
294,98,297,138
297,138,270,155
270,155,260,162
261,190,246,190
246,190,240,256
240,256,236,321
236,321,233,343
261,190,276,191
276,191,281,257
281,257,282,323
282,323,284,345
262,131,262,89
242,52,247,47
232,51,251,60
260,162,247,169
270,155,255,149
28
261,190,261,190
261,190,262,131
262,89,262,75
262,75,262,50
262,89,234,91
234,91,203,62
203,62,232,51
232,51,242,52
262,89,294,98
294,98,297,139
297,139,272,159
272,159,262,166
261,190,246,190
246,190,240,256
240,256,236,321
236,321,233,343
261,190,276,191
276,191,281,257
281,257,282,323
282,323,284,345
262,131,262,89
242,52,247,44
232,51,251,62
262,166,247,174
272,159,256,153
29
261,190,261,190
261,190,262,131
263,89,263,75
263,75,262,50
263,89,234,91
234,91,203,62
203,62,232,51
232,51,243,52
263,89,293,98
293,98,297,139
297,139,271,159
271,159,262,166
261,190,246,190
246,190,240,256
240,256,236,320
236,320,233,343
261,190,276,191
276,191,281,257
281,257,282,323
282,323,284,345
262,131,263,89
243,52,247,43
232,51,251,58
262,166,248,173
271,159,255,153
30
261,190,261,190
261,190,262,131
262,89,263,75
263,75,262,50
262,89,234,91
234,91,203,63
203,63,232,51
232,51,242,51
262,89,293,98
293,98,297,139
297,139,272,160
272,160,264,166
261,190,246,190
246,190,240,256
240,256,236,320
236,320,233,343
261,190,276,191
276,191,281,257
281,257,283,323
283,323,284,345
262,131,262,89
242,51,248,42
232,51,251,50
264,166,250,174
272,160,256,154
31
261,190,261,190
261,190,262,132
262,89,263,75
263,75,262,50
262,89,234,92
234,92,203,65
203,65,232,50
232,50,243,49
262,89,293,98
293,98,297,139
297,139,260,164
260,164,252,172
261,190,246,190
246,190,240,256
240,256,236,320
236,320,233,343
261,190,276,191
276,191,281,257
281,257,283,322
283,322,284,345
262,132,262,89
243,49,249,38
232,50,252,44
252,172,243,178
260,164,261,183
32
261,190,261,190
261,190,262,131
263,89,263,75
263,75,262,50
263,89,234,92
234,92,203,71
203,71,231,46
231,46,243,43
263,89,293,99
293,99,297,138
297,138,271,158
271,158,263,164
261,190,246,190
246,190,240,256
240,256,236,320
236,320,233,343
261,190,276,191
276,191,281,257
281,257,283,322
283,322,284,345
262,131,263,89
243,43,248,37
231,46,253,41
263,164,249,173
271,158,271,176
33
261,190,261,190
261,190,262,131
263,89,263,75
263,75,262,50
263,89,234,92
234,92,203,71
203,71,231,46
231,46,243,43
263,89,293,99
293,99,297,138
297,138,271,158
271,158,263,164
261,190,246,190
246,190,240,256
240,256,236,331
236,331,233,343
261,190,276,191
276,191,281,257
281,257,283,334
283,334,284,345
262,131,263,89
243,43,248,37
231,46,253,41
263,164,249,173
271,158,271,176
34
261,190,261,190
261,190,262,132
263,89,264,75
264,75,262,50
263,89,234,92
234,92,203,78
203,78,231,44
231,44,238,38
263,89,293,99
293,99,298,138
298,138,272,158
272,158,264,164
261,190,246,190
246,190,240,256
240,256,236,320
236,320,233,343
261,190,276,191
276,191,281,258
281,258,283,323
283,323,284,345
262,132,263,89
238,38,245,27
231,44,252,48
264,164,250,172
272,158,271,177
35
261,191,261,191
261,191,262,132
263,90,264,76
264,76,263,50
263,90,234,93
234,93,203,86
203,86,229,49
229,49,235,39
263,90,293,99
293,99,298,138
298,138,264,159
264,159,256,167
261,191,246,190
246,190,240,256
240,256,236,320
236,320,233,343
261,191,276,191
276,191,281,258
281,258,283,323
283,323,284,345
262,132,263,90
235,39,244,26
229,49,235,49
256,167,246,173
264,159,263,179
36
261,191,261,191
261,191,262,132
263,90,264,77
264,77,263,51
263,90,234,96
234,96,206,96
206,96,236,54
236,54,241,46
263,90,293,99
293,99,298,138
298,138,270,156
270,156,262,163
261,191,246,190
246,190,240,256
240,256,236,320
236,320,233,343
261,191,276,191
276,191,281,258
281,258,283,322
283,322,284,345
262,132,263,90
241,46,253,31
236,54,247,45
262,163,248,171
270,156,270,175
37
261,192,261,192
261,192,262,134
263,92,264,79
264,79,264,50
263,92,235,99
235,99,208,106
208,106,229,79
229,79,238,70
263,92,293,100
293,100,299,136
299,136,273,155
273,155,264,161
261,192,246,191
246,191,240,256
240,256,236,320
236,320,233,343
261,192,276,192
276,192,281,258
281,258,283,322
283,322,284,345
262,134,263,92
238,70,252,57
229,79,239,73
264,161,250,170
273,155,273,173
38
261,199,261,199
261,199,262,135
262,87,262,71
262,71,264,51
262,87,234,91
234,91,210,116
210,116,237,98
237,98,254,88
262,87,293,103
293,103,299,137
299,137,269,155
269,155,260,161
261,199,246,198
246,198,240,260
240,260,236,320
236,320,233,343
261,199,276,200
276,200,281,260
281,260,283,323
283,323,284,345
262,135,262,87
254,88,269,84
237,98,266,85
260,161,246,171
269,155,270,173
39
261,196,261,196
261,196,262,136
262,95,263,81
263,81,264,52
262,95,236,96
236,96,217,115
217,115,245,116
245,116,263,116
262,95,293,101
293,101,298,138
298,138,266,158
266,158,257,165
261,196,246,194
246,194,240,260
240,260,236,321
236,321,233,343
261,196,276,196
276,196,281,261
281,261,283,323
283,323,284,345
262,136,262,95
263,116,276,116
245,116,274,111
257,165,245,171
266,158,266,177
40
261,194,261,194
261,194,262,135
262,94,263,81
263,81,264,52
262,94,236,99
236,99,217,126
217,126,237,136
237,136,248,135
262,94,293,101
293,101,299,137
299,137,271,156
271,156,270,139
261,194,247,191
247,191,239,258
239,258,236,322
236,322,233,343
261,194,276,193
276,193,281,261
281,261,283,323
283,323,284,345
262,135,262,94
248,135,263,138
237,136,251,131
270,139,264,138
271,156,281,141
41
261,194,261,194
261,194,262,135
262,94,263,81
263,81,264,52
262,94,235,100
235,100,219,128
219,128,240,143
240,143,257,149
262,94,293,101
293,101,299,137
299,137,283,155
283,155,272,154
261,194,247,192
247,192,239,257
239,257,236,322
236,322,233,343
261,194,276,193
276,193,281,261
281,261,283,323
283,323,284,345
262,135,262,94
257,149,272,155
240,143,258,146
272,154,260,151
283,155,278,161
42
261,194,261,194
261,194,262,135
262,94,263,81
263,81,264,52
262,94,234,100
234,100,221,131
221,131,250,152
250,152,265,159
262,94,293,101
293,101,298,138
298,138,275,163
275,163,270,161
261,194,247,192
247,192,240,257
240,257,236,321
236,321,233,343
261,194,276,193
276,193,281,261
281,261,283,323
283,323,284,345
262,135,262,94
265,159,279,165
250,152,268,157
270,161,259,158
275,163,277,169
43
262,194,262,194
262,194,262,135
262,94,262,80
262,80,264,52
262,94,233,101
233,101,222,132
222,132,252,156
252,156,265,163
262,94,293,101
293,101,298,138
298,138,278,165
278,165,270,165
262,194,247,192
247,192,240,257
240,257,236,321
236,321,233,343
262,194,276,193
276,193,281,261
281,261,283,323
283,323,284,345
262,135,262,94
265,163,279,168
252,156,260,165
270,165,259,163
278,165,276,172
44
262,194,262,194
262,194,262,135
262,94,262,80
262,80,263,52
262,94,233,101
233,101,224,134
224,134,252,158
252,158,262,164
262,94,293,101
293,101,300,137
300,137,271,157
271,157,265,163
262,194,247,192
247,192,240,257
240,257,236,321
236,321,233,343
262,194,277,194
277,194,281,261
281,261,283,323
283,323,284,345
262,135,262,94
262,164,271,169
252,158,256,169
265,163,258,166
271,157,272,171
45
262,194,262,194
262,194,262,135
262,93,262,80
262,80,263,51
262,93,233,101
233,101,224,135
224,135,251,159
251,159,262,165
262,93,293,101
293,101,304,137
304,137,278,154
278,154,268,163
262,194,247,193
247,193,240,256
240,256,236,321
236,321,233,343
262,194,277,194
277,194,281,261
281,261,283,323
283,323,284,345
262,135,262,93
262,165,271,170
251,159,255,169
268,163,258,169
278,154,274,172
46
262,194,262,194
262,194,262,135
262,93,262,79
262,79,263,51
262,93,233,101
233,101,225,136
225,136,251,160
251,160,259,165
262,93,293,101
293,101,310,135
310,135,280,152
280,152,269,162
262,194,247,193
247,193,240,256
240,256,236,321
236,321,233,343
262,194,277,194
277,194,281,261
281,261,283,323
283,323,284,345
262,135,262,93
259,165,272,173
251,160,253,169
269,162,258,169
280,152,275,172
47
262,194,262,194
262,194,262,135
262,93,262,79
262,79,263,51
262,93,233,101
233,101,225,136
225,136,244,162
244,162,255,167
262,93,293,100
293,100,313,135
313,135,288,149
288,149,276,151
262,194,248,193
248,193,240,256
240,256,236,321
236,321,233,343
262,194,277,194
277,194,281,260
281,260,283,323
283,323,284,345
262,135,262,93
255,167,268,172
244,162,250,180
276,151,263,165
288,149,270,140
48
262,194,262,194
262,194,262,135
262,93,262,79
262,79,263,51
262,93,232,101
232,101,225,136
225,136,244,162
244,162,255,167
262,93,293,100
293,100,319,134
319,134,293,147
293,147,279,150
262,194,248,193
248,193,240,256
240,256,236,321
236,321,233,343
262,194,277,194
277,194,281,260
281,260,283,323
283,323,284,345
262,135,262,93
255,167,266,172
244,162,247,177
279,150,267,154
293,147,273,138
49
262,194,262,194
262,194,262,135
262,93,262,79
262,79,263,51
262,93,232,101
232,101,224,136
224,136,243,162
243,162,254,167
262,93,293,100
293,100,320,133
320,133,302,144
302,144,285,148
262,194,247,193
247,193,240,256
240,256,236,324
236,324,233,344
262,194,277,194
277,194,281,260
281,260,283,323
283,323,284,345
262,135,262,93
254,167,265,173
243,162,246,177
285,148,275,152
302,144,284,143
50
262,193,262,193
262,193,262,135
262,93,262,79
262,79,263,51
262,93,232,101
232,101,224,137
224,137,243,162
243,162,253,167
262,93,293,100
293,100,324,130
324,130,296,148
296,148,281,152
262,193,247,193
247,193,240,256
240,256,236,324
236,324,233,344
262,193,277,194
277,194,281,260
281,260,282,323
282,323,284,345
262,135,262,93
253,167,266,172
243,162,245,178
281,152,273,160
296,148,272,144
51
262,193,262,193
262,193,262,135
262,93,262,79
262,79,262,50
262,93,232,101
232,101,223,137
223,137,242,162
242,162,253,167
262,93,293,100
293,100,325,129
325,129,303,151
303,151,293,155
262,193,247,193
247,193,240,256
240,256,236,323
236,323,233,344
262,193,277,194
277,194,281,260
281,260,282,323
282,323,284,345
262,135,262,93
253,167,265,172
242,162,245,178
293,155,287,162
303,151,283,151
52
262,193,262,193
262,193,262,135
262,92,262,79
262,79,263,50
262,92,232,101
232,101,223,137
223,137,242,162
242,162,253,167
262,92,294,100
294,100,326,127
326,127,308,152
308,152,302,161
262,193,247,193
247,193,240,256
240,256,236,323
236,323,233,344
262,193,277,194
277,194,280,259
280,259,282,323
282,323,284,345
262,135,262,92
253,167,265,173
242,162,246,180
302,161,296,171
308,152,288,164
53
262,194,262,194
262,194,262,135
262,92,262,79
262,79,263,50
262,92,232,101
232,101,223,138
223,138,243,162
243,162,254,167
262,92,294,100
294,100,327,126
327,126,315,156
315,156,308,166
262,194,247,193
247,193,239,256
239,256,236,321
236,321,233,344
262,194,276,194
276,194,280,259
280,259,282,323
282,323,284,345
262,135,262,92
254,167,268,176
243,162,245,179
308,166,300,177
315,156,301,166
54
261,194,261,194
261,194,262,135
262,92,262,78
262,78,263,50
262,92,232,101
232,101,223,138
223,138,244,162
244,162,256,168
262,92,294,100
294,100,327,125
327,125,316,157
316,157,309,169
261,194,247,193
247,193,239,257
239,257,236,322
236,322,233,344
261,194,276,194
276,194,280,259
280,259,282,323
282,323,284,345
262,135,262,92
256,168,270,177
244,162,246,181
309,169,303,181
316,157,302,165
55
261,194,261,194
261,194,262,135
262,92,262,78
262,78,263,50
262,92,232,101
232,101,223,138
223,138,244,162
244,162,257,168
262,92,294,100
294,100,327,124
327,124,316,157
316,157,308,169
261,194,247,193
247,193,239,257
239,257,236,321
236,321,233,344
261,194,276,194
276,194,280,259
280,259,282,322
282,322,284,345
262,135,262,92
257,168,271,177
244,162,247,181
308,169,301,182
316,157,302,163
56
261,194,261,194
261,194,262,135
262,92,262,78
262,78,263,50
262,92,232,101
232,101,223,138
223,138,244,162
244,162,257,168
262,92,294,100
294,100,327,125
327,125,311,161
311,161,301,170
261,194,247,193
247,193,239,257
239,257,236,321
236,321,233,344
261,194,276,194
276,194,280,259
280,259,282,322
282,322,284,345
262,135,262,92
257,168,271,178
244,162,246,181
301,170,292,185
311,161,290,162
57
261,193,261,193
261,193,262,135
262,92,262,78
262,78,263,50
262,92,232,101
232,101,223,139
223,139,244,162
244,162,257,169
262,92,295,100
295,100,327,126
327,126,310,161
310,161,298,169
261,193,247,193
247,193,239,257
239,257,236,321
236,321,233,344
261,193,276,194
276,194,280,259
280,259,282,322
282,322,284,345
262,135,262,92
257,169,271,178
244,162,247,181
298,169,291,183
310,161,290,159
58
262,194,262,194
262,194,262,135
262,92,263,78
263,78,263,50
262,92,232,101
232,101,223,139
223,139,244,163
244,163,257,169
262,92,295,100
295,100,326,127
326,127,309,160
309,160,298,169
262,194,247,193
247,193,239,257
239,257,236,321
236,321,233,344
262,194,277,194
277,194,280,259
280,259,282,322
282,322,284,345
262,135,262,92
257,169,271,178
244,163,246,182
298,169,291,182
309,160,289,158
59
262,194,262,194
262,194,262,135
263,92,263,78
263,78,264,50
263,92,232,101
232,101,222,140
222,140,244,164
244,164,257,170
263,92,295,99
295,99,325,128
325,128,309,160
309,160,298,170
262,194,247,193
247,193,239,257
239,257,236,321
236,321,233,344
262,194,277,194
277,194,280,259
280,259,282,322
282,322,284,345
262,135,263,92
257,170,271,179
244,164,246,183
298,170,291,183
309,160,289,158
60
262,194,262,194
262,194,262,135
263,92,263,78
263,78,264,50
263,92,232,101
232,101,222,140
222,140,235,167
235,167,244,167
263,92,295,99
295,99,325,129
325,129,309,160
309,160,299,170
262,194,247,193
247,193,239,257
239,257,236,324
236,324,233,344
262,194,277,194
277,194,280,259
280,259,282,322
282,322,284,345
262,135,263,92
244,167,257,178
235,167,234,180
299,170,292,183
309,160,290,159
61
262,194,262,194
262,194,262,135
263,92,263,78
263,78,264,50
263,92,232,101
232,101,222,140
222,140,235,167
235,167,244,167
263,92,295,99
295,99,325,129
325,129,309,160
309,160,299,170
262,194,247,193
247,193,239,257
239,257,235,332
235,332,233,344
262,194,277,194
277,194,280,259
280,259,283,333
283,333,284,345
262,135,263,92
244,167,257,178
235,167,234,180
299,170,292,183
309,160,290,159
62
262,194,262,194
262,194,262,135
263,92,263,78
263,78,264,49
263,92,232,101
232,101,220,141
220,141,235,166
235,166,244,167
263,92,295,100
295,100,325,129
325,129,309,161
309,161,299,170
262,194,247,193
247,193,239,257
239,257,236,324
236,324,233,344
262,194,277,194
277,194,280,259
280,259,282,323
282,323,284,345
262,135,263,92
244,167,257,179
235,166,234,181
299,170,292,184
309,161,290,160
63
262,194,262,194
262,194,262,135
263,92,263,78
263,78,265,49
263,92,232,101
232,101,218,141
218,141,233,164
233,164,246,175
263,92,295,100
295,100,324,130
324,130,309,161
309,161,299,170
262,194,247,193
247,193,239,257
239,257,236,324
236,324,233,344
262,194,277,194
277,194,280,259
280,259,282,323
282,323,284,345
262,135,263,92
246,175,259,182
233,164,239,188
299,170,292,184
309,161,290,160
64
262,194,262,194
262,194,263,135
263,92,263,78
263,78,265,49
263,92,232,101
232,101,215,139
215,139,235,168
235,168,249,179
263,92,295,100
295,100,324,130
324,130,309,161
309,161,301,170
262,194,247,193
247,193,239,257
239,257,236,325
236,325,233,344
262,194,277,194
277,194,280,259
280,259,282,323
282,323,284,345
263,135,263,92
249,179,260,189
235,168,237,189
301,170,295,185
309,161,292,166
65
262,194,262,194
262,194,263,135
263,92,264,78
264,78,265,49
263,92,233,101
233,101,212,137
212,137,233,167
233,167,245,181
263,92,296,100
296,100,324,130
324,130,309,161
309,161,298,171
262,194,247,193
247,193,239,257
239,257,236,322
236,322,233,344
262,194,277,194
277,194,280,259
280,259,282,323
282,323,284,345
263,135,263,92
245,181,251,191
233,167,234,191
298,171,292,185
309,161,289,161
66
262,194,262,194
262,194,263,135
264,92,264,78
264,78,265,49
264,92,233,101
233,101,210,135
210,135,227,167
227,167,237,176
264,92,296,100
296,100,324,130
324,130,310,161
310,161,300,170
262,194,247,193
247,193,239,257
239,257,236,322
236,322,233,344
262,194,277,194
277,194,280,259
280,259,282,323
282,323,284,345
263,135,264,92
237,176,243,189
227,167,229,189
300,170,293,184
310,161,290,161
67
262,194,262,194
262,194,263,135
264,92,264,78
264,78,266,49
264,92,233,101
233,101,208,133
208,133,224,166
224,166,231,177
264,92,296,100
296,100,324,130
324,130,310,161
310,161,301,170
262,194,247,193
247,193,239,257
239,257,236,322
236,322,233,344
262,194,277,194
277,194,280,259
280,259,282,323
282,323,284,345
263,135,264,92
231,177,235,191
224,166,220,176
301,170,293,184
310,161,291,160
68
262,194,262,194
262,194,263,135
264,92,264,78
264,78,266,49
264,92,232,101
232,101,206,132
206,132,220,166
220,166,226,178
264,92,296,100
296,100,324,131
324,131,312,159
312,159,303,169
262,194,247,193
247,193,239,257
239,257,236,321
236,321,233,343
262,194,278,194
278,194,280,259
280,259,282,323
282,323,284,345
263,135,264,92
226,178,228,191
220,166,216,176
303,169,295,182
312,159,295,166
69
263,194,263,194
263,194,263,135
264,92,264,78
264,78,266,49
264,92,232,101
232,101,204,130
204,130,216,167
216,167,220,178
264,92,296,100
296,100,324,131
324,131,311,160
311,160,302,170
263,194,247,193
247,193,239,257
239,257,236,320
236,320,233,343
263,194,278,194
278,194,280,259
280,259,282,323
282,323,284,345
263,135,264,92
220,178,223,192
216,167,212,179
302,170,295,183
311,160,292,163
70
263,194,263,194
263,194,263,135
264,92,264,78
264,78,266,49
264,92,232,100
232,100,203,128
203,128,214,166
214,166,219,178
264,92,296,100
296,100,324,131
324,131,310,162
310,162,300,171
263,194,247,193
247,193,240,258
240,258,236,320
236,320,233,343
263,194,278,194
278,194,280,260
280,260,282,323
282,323,284,345
263,135,264,92
219,178,222,191
214,166,210,174
300,171,294,184
310,162,291,161
71
263,194,263,194
263,194,263,135
264,92,264,78
264,78,266,49
264,92,232,100
232,100,202,127
202,127,213,165
213,165,218,177
264,92,296,100
296,100,324,131
324,131,310,162
310,162,300,172
263,194,247,193
247,193,240,258
240,258,236,320
236,320,233,343
263,194,278,194
278,194,280,260
280,260,282,323
282,323,284,345
263,135,264,92
218,177,224,190
213,165,210,177
300,172,293,186
310,162,291,163
72
263,194,263,194
263,194,264,135
264,92,265,78
265,78,266,49
264,92,232,100
232,100,202,126
202,126,213,164
213,164,220,175
264,92,297,101
297,101,324,131
324,131,310,163
310,163,300,172
263,194,247,193
247,193,240,257
240,257,236,320
236,320,233,343
263,194,278,194
278,194,280,259
280,259,282,323
282,323,284,345
264,135,264,92
220,175,227,189
213,164,215,185
300,172,293,186
310,163,291,162
73
263,194,263,194
263,194,264,135
264,92,265,78
265,78,266,49
264,92,232,100
232,100,202,126
202,126,214,164
214,164,224,173
264,92,297,101
297,101,324,131
324,131,310,162
310,162,301,172
263,194,247,193
247,193,240,258
240,258,236,320
236,320,233,343
263,194,278,194
278,194,280,259
280,259,282,323
282,323,284,345
264,135,264,92
224,173,230,188
214,164,217,180
301,172,294,186
310,162,291,162
74
262,194,262,194
262,194,264,135
264,92,265,78
265,78,266,49
264,92,232,99
232,99,202,126
202,126,211,157
211,157,221,170
264,92,297,101
297,101,324,131
324,131,311,162
311,162,302,171
262,194,247,193
247,193,240,258
240,258,236,320
236,320,233,343
262,194,278,194
278,194,280,259
280,259,282,322
282,322,284,345
264,135,264,92
221,170,228,183
211,157,216,173
302,171,294,185
311,162,291,161
75
262,194,262,194
262,194,263,135
264,92,265,78
265,78,266,49
264,92,232,99
232,99,202,127
202,127,211,157
211,157,220,171
264,92,297,101
297,101,324,131
324,131,311,162
311,162,302,171
262,194,247,193
247,193,240,258
240,258,236,320
236,320,233,343
262,194,278,194
278,194,280,259
280,259,282,322
282,322,284,345
263,135,264,92
220,171,227,183
211,157,230,164
302,171,294,184
311,162,291,162
76
262,194,262,194
262,194,263,135
264,92,265,78
265,78,266,49
264,92,232,99
232,99,203,128
203,128,211,158
211,158,219,172
264,92,297,101
297,101,324,131
324,131,312,161
312,161,303,171
262,194,247,193
247,193,240,258
240,258,236,320
236,320,233,343
262,194,278,194
278,194,280,259
280,259,282,322
282,322,284,345
263,135,264,92
219,172,226,183
211,158,230,161
303,171,295,184
312,161,294,167
77
262,194,262,194
262,194,263,135
264,92,265,78
265,78,266,49
264,92,232,99
232,99,203,129
203,129,210,158
210,158,218,172
264,92,297,101
297,101,324,132
324,132,312,161
312,161,303,171
262,194,247,193
247,193,240,258
240,258,236,320
236,320,233,343
262,194,277,194
277,194,280,259
280,259,282,322
282,322,284,345
263,135,264,92
218,172,225,183
210,158,229,161
303,171,295,184
312,161,294,167
78
262,194,262,194
262,194,263,135
264,92,265,78
265,78,266,49
264,92,232,100
232,100,203,129
203,129,210,161
210,161,217,172
264,92,297,101
297,101,324,132
324,132,310,164
310,164,300,173
262,194,247,193
247,193,240,258
240,258,236,320
236,320,233,343
262,194,277,194
277,194,280,259
280,259,282,322
282,322,284,345
263,135,264,92
217,172,225,183
210,161,229,160
300,173,292,187
310,164,291,163
79
262,194,262,194
262,194,263,135
264,92,264,78
264,78,266,49
264,92,232,100
232,100,203,129
203,129,213,168
213,168,222,175
264,92,297,101
297,101,324,132
324,132,310,164
310,164,300,173
262,194,247,193
247,193,240,258
240,258,236,320
236,320,233,343
262,194,277,194
277,194,280,260
280,260,282,322
282,322,284,345
263,135,264,92
222,175,231,186
213,168,232,161
300,173,292,187
310,164,291,162
80
262,194,262,194
262,194,263,135
264,92,264,78
264,78,266,49
264,92,232,100
232,100,203,129
203,129,213,168
213,168,222,175
264,92,297,101
297,101,324,132
324,132,310,164
310,164,300,173
262,194,247,193
247,193,240,258
240,258,236,320
236,320,233,343
262,194,277,194
277,194,280,260
280,260,282,323
282,323,284,345
263,135,264,92
222,175,231,186
213,168,232,161
300,173,293,187
310,164,291,162
81
262,194,262,194
262,194,263,135
264,92,264,78
264,78,266,49
264,92,232,100
232,100,202,129
202,129,208,159
208,159,216,172
264,92,297,101
297,101,324,132
324,132,311,163
311,163,301,172
262,194,247,193
247,193,240,258
240,258,236,320
236,320,233,343
262,194,277,194
277,194,280,260
280,260,282,322
282,322,284,345
263,135,264,92
216,172,224,184
208,159,226,171
301,172,293,186
311,163,292,163
82
262,193,262,193
262,193,263,135
264,92,264,78
264,78,266,49
264,92,232,100
232,100,202,129
202,129,213,169
213,169,223,176
264,92,296,101
296,101,324,132
324,132,310,163
310,163,300,173
262,193,247,193
247,193,240,258
240,258,236,320
236,320,233,343
262,193,277,194
277,194,280,260
280,260,282,322
282,322,284,345
263,135,264,92
223,176,232,188
213,169,232,163
300,173,293,187
310,163,292,163
83
262,193,262,193
262,193,263,135
264,92,264,78
264,78,266,49
264,92,232,100
232,100,202,129
202,129,213,169
213,169,223,176
264,92,296,101
296,101,324,132
324,132,310,164
310,164,300,173
262,193,247,193
247,193,240,258
240,258,236,320
236,320,233,343
262,193,277,194
277,194,280,260
280,260,282,323
282,323,284,345
263,135,264,92
223,176,231,188
213,169,233,163
300,173,293,187
310,164,292,163
84
262,194,262,194
262,194,263,135
264,92,264,78
264,78,266,49
264,92,231,100
231,100,201,129
201,129,213,169
213,169,223,176
264,92,296,101
296,101,324,132
324,132,312,161
312,161,303,171
262,194,247,193
247,193,240,258
240,258,236,320
236,320,233,343
262,194,277,194
277,194,280,260
280,260,282,323
282,323,284,345
263,135,264,92
223,176,232,188
213,169,232,163
303,171,295,184
312,161,293,167
85
262,194,262,194
262,194,263,135
264,92,264,78
264,78,266,49
264,92,231,100
231,100,201,129
201,129,213,169
213,169,223,176
264,92,296,101
296,101,324,132
324,132,312,161
312,161,303,171
262,194,247,193
247,193,240,258
240,258,236,320
236,320,233,343
262,194,277,194
277,194,280,260
280,260,282,322
282,322,284,345
263,135,264,92
223,176,232,188
213,169,233,163
303,171,295,184
312,161,293,167
